1 1
0 160
161 161
162 2
163 163
3 3
164 165
166 166
167 4
168 168
5 5
169 170
171 171
6 6
172 173
174 174
7 7
175 176
177 177
178 8
179 179
180 9
181 181
10 10
182 183
184 184
185 11
186 186
12 12
187 188
189 189
13 13
190 191
192 192
14 14
193 194
195 195
15 15
196 197
198 198
199 16
200 200
201 17
202 202
18 18
203 204
205 205
19 19
206 207
208 208
209 20
210 210
21 21
211 212
213 213
214 22
215 215
23 23
216 217
218 218
24 24
219 220
221 221
222 25
223 223
26 26
224 225
226 226
27 27
227 228
229 229
28 28
230 231
232 232
29 29
233 234
235 235
30 30
236 237
238 238
31 31
239 240
241 241
242 32
243 243
244 33
245 245
246 34
247 247
35 35
248 249
250 250
251 36
252 252
253 37
254 254
255 38
256 256
39 39
257 258
259 259
260 40
261 261
262 41
263 263
42 42
264 265
266 266
267 43
268 268
269 44
270 270
271 45
272 272
273 46
274 274
47 47
275 276
277 277
278 48
279 279
280 49
281 281
282 50
283 283
51 51
284 285
286 286
52 52
287 288
289 289
290 53
291 291
54 54
292 293
294 294
55 55
295 296
297 297
298 56
299 299
300 57
301 301
58 58
302 303
304 304
305 59
306 306
307 60
308 308
61 61
309 310
311 311
62 62
312 313
314 314
63 63
315 316
317 317
318 64
319 319
320 65
321 321
66 66
322 323
324 324
67 67
325 326
327 327
328 68
329 329
69 69
330 331
332 332
70 70
333 334
335 335
71 71
336 337
338 338
72 72
339 340
341 341
342 73
343 343
74 74
344 345
346 346
75 75
347 348
349 349
76 76
350 351
352 352
77 77
353 354
355 355
78 78
356 357
358 358
79 79
359 360
361 361
362 80
363 363
364 81
365 365
82 82
366 367
368 368
369 83
370 370
84 84
371 372
373 373
85 85
374 375
376 376
377 86
378 378
87 87
379 380
381 381
382 88
383 383
384 89
385 385
386 90
387 387
91 91
388 389
390 390
92 92
391 392
393 393
394 93
395 395
396 94
397 397
95 95
398 399
400 400
96 96
401 402
403 403
404 97
405 405
98 98
406 407
408 408
99 99
409 410
411 411
100 100
412 413
414 414
101 101
415 416
417 417
102 102
418 419
420 420
103 103
421 422
423 423
424 104
425 425
426 105
427 427
106 106
428 429
430 430
107 107
431 432
433 433
108 108
434 435
436 436
109 109
437 438
439 439
440 110
441 441
111 111
442 443
444 444
112 112
445 446
447 447
448 113
449 449
114 114
450 451
452 452
115 115
453 454
455 455
116 116
456 457
458 458
117 117
459 460
461 461
118 118
462 463
464 464
119 119
465 466
467 467
468 120
469 469
470 121
471 471
472 122
473 473
123 123
474 475
476 476
477 124
478 478
479 125
480 480
126 126
481 482
483 483
127 127
484 485
486 486
487 128
488 488
489 129
490 490
130 130
491 492
493 493
131 131
494 495
496 496
132 132
497 498
499 499
133 133
500 501
502 502
503 134
504 504
135 135
505 506
507 507
508 136
509 509
510 137
511 511
512 138
513 513
139 139
514 515
516 516
140 140
517 518
519 519
520 141
521 521
522 142
523 523
143 143
524 525
526 526
527 144
528 528
529 145
530 530
531 146
532 532
147 147
533 534
535 535
536 148
537 537
149 149
538 539
540 540
150 150
541 542
543 543
151 151
544 545
546 546
152 152
547 548
549 549
550 153
551 551
154 154
552 553
554 554
155 155
555 556
557 557
156 156
558 559
560 560
157 157
561 562
563 563
158 158
564 565
566 566
159 159
567 568
569 569
0 0
571 1
572 572
2 2
573 574
575 575
576 3
577 577
4 4
578 579
580 580
5 5
581 582
583 583
6 6
584 585
586 586
587 7
588 588
589 8
590 590
9 9
591 592
593 593
594 10
595 595
11 11
596 597
598 598
12 12
599 600
601 601
13 13
602 603
604 604
14 14
605 606
607 607
608 15
609 609
610 16
611 611
17 17
612 613
614 614
18 18
615 616
617 617
618 19
619 619
20 20
620 621
622 622
623 21
624 624
22 22
625 626
627 627
23 23
628 629
630 630
631 24
632 632
25 25
633 634
635 635
26 26
636 637
638 638
27 27
639 640
641 641
28 28
642 643
644 644
29 29
645 646
647 647
30 30
648 649
650 650
651 31
652 652
653 32
654 654
655 33
656 656
34 34
657 658
659 659
660 35
661 661
662 36
663 663
664 37
665 665
38 38
666 667
668 668
669 39
670 670
671 40
672 672
41 41
673 674
675 675
676 42
677 677
678 43
679 679
680 44
681 681
682 45
683 683
46 46
684 685
686 686
687 47
688 688
689 48
690 690
691 49
692 692
50 50
693 694
695 695
51 51
696 697
698 698
699 52
700 700
53 53
701 702
703 703
54 54
704 705
706 706
707 55
708 708
709 56
710 710
57 57
711 712
713 713
714 58
715 715
716 59
717 717
60 60
718 719
720 720
61 61
721 722
723 723
62 62
724 725
726 726
727 63
728 728
729 64
730 730
65 65
731 732
733 733
66 66
734 735
736 736
737 67
738 738
68 68
739 740
741 741
69 69
742 743
744 744
70 70
745 746
747 747
71 71
748 749
750 750
751 72
752 752
73 73
753 754
755 755
74 74
756 757
758 758
75 75
759 760
761 761
76 76
762 763
764 764
77 77
765 766
767 767
78 78
768 769
770 770
771 79
772 772
773 80
774 774
81 81
775 776
777 777
778 82
779 779
83 83
780 781
782 782
84 84
783 784
785 785
786 85
787 787
86 86
788 789
790 790
791 87
792 792
793 88
794 794
795 89
796 796
90 90
797 798
799 799
91 91
800 801
802 802
803 92
804 804
805 93
806 806
94 94
807 808
809 809
95 95
810 811
812 812
813 96
814 814
97 97
815 816
817 817
98 98
818 819
820 820
99 99
821 822
823 823
100 100
824 825
826 826
101 101
827 828
829 829
102 102
830 831
832 832
833 103
834 834
835 104
836 836
105 105
837 838
839 839
106 106
840 841
842 842
107 107
843 844
845 845
108 108
846 847
848 848
849 109
850 850
110 110
851 852
853 853
111 111
854 855
856 856
857 112
858 858
113 113
859 860
861 861
114 114
862 863
864 864
115 115
865 866
867 867
116 116
868 869
870 870
117 117
871 872
873 873
118 118
874 875
876 876
877 119
878 878
879 120
880 880
881 121
882 882
122 122
883 884
885 885
886 123
887 887
888 124
889 889
125 125
890 891
892 892
126 126
893 894
895 895
896 127
897 897
898 128
899 899
129 129
900 901
902 902
130 130
903 904
905 905
131 131
906 907
908 908
132 132
909 910
911 911
912 133
913 913
134 134
914 915
916 916
917 135
918 918
919 136
920 920
921 137
922 922
138 138
923 924
925 925
139 139
926 927
928 928
929 140
930 930
931 141
932 932
142 142
933 934
935 935
936 143
937 937
938 144
939 939
940 145
941 941
146 146
942 943
944 944
945 147
946 946
148 148
947 948
949 949
149 149
950 951
952 952
150 150
953 954
955 955
151 151
956 957
958 958
959 152
960 960
153 153
961 962
963 963
154 154
964 965
966 966
155 155
967 968
969 969
156 156
970 971
972 972
157 157
973 974
975 975
158 158
976 977
978 978
979 159
980 980
570 570
981 981
982 983
