533
607
643
641
633
636
619
613
633
639
640
637
619
639
652
643
680
664
667
656
687
650
674
666
664
647
659
665
664
664
657
651
668
677
680
677
657
654
651
652
641
654
646
649
667
674
675
669
664
661
654
668
675
675
670
656
661
660
656
653
647
647
637
662
640
639
636
637
640
638
646
643
639
645
649
644
650
634
639
632
631
621
645
625
628
630
644
644
654
650
660
652
645
655
635
643
642
638
623
627
628
638
643
627
624
625
627
623
638
630
620
626
635
633
625
629
637
638
643
645
640
637
644
646
635
637
652
653
650
648
651
657
646
656
655
654
656
657
657
666
658
651
643
651
664
657
659
669
655
656
661
658
665
660
667
670
668
662
660
658
656
654
650
647
650
657
668
663
663
661
663
673
662
659
677
682
679
673
650
657
655
645
642
646
629
641
638
640
640
631
639
637
623
639
647
640
646
646
645
640
642
651
635
634
640
638
657
654
652
669
672
668
659
651
660
660
661
649
654
650
663
660
656
665
657
660
648
648
642
644
650
655
660
660
676
668
673
663
673
659
660
667
663
655
659
658
657
659
654
654
650
644
642
653
656
656
655
658
662
658
663
666
670
677
674
669
661
661
669
663
659
671
662
664
662
662
655
655
645
648
646
665
672
665
681
675
665
663
662
664
649
654
660
655
660
655
652
653
651
656
652
659
664
661
658
665
651
659
660
665
675
678
672
663
672
686
683
676
669
679
671
672
671
673
663
650
652
653
644
638
643
641
657
649
646
649
649
652
658
644
646
645
655
664
664
665
673
675
672
671
685
694
695
695
696
684
686
678
672
674
679
673
668
668
668
681
683
689
690
690
690
689
694
691
691
685
688
689
695
692
685
678
676
682
679
679
674
678
684
680
682
679
679
683
671
673
676
678
678
676
698
690
681
675
680
688
691
686
682
686
689
688
692
690
691
703
701
690
688
686
686
687
694
685
681
683
680
681
673
675
678
685
680
683
685
696
693
687
688
680
678
680
674
672
674
676
667
665
662
668
662
661
662
663
661
661
670
667
677
686
685
688
676
673
674
678
682
683
673
678
669
667
666
669
659
661
669
667
665
666
660
657
659
665
665
663
667
666
666
666
670
670
668
670
667
667
676
671
667
666
658
660
664
661
660
659
657
656
656
649
652
652
651
651
647
651
661
657
659
665
671
665
670
658
662
657
661
670
673
669
669
665
665
665
662
658
657
650
653
657
645
645
648
647
654
656
650
646
647
645
648
648
640
650
655
658
650
658
658
656
649
660
652
652
659
657
665
670
675
675
670
656
660
665
656
660
658
664
673
670
678
680
677
677
662
667
664
661
659
655
655
662
660
657
654
653
655
653
653
658
657
660
654
654
656
655
653
653
648
645
647
655
657
657
666
668
672
671
672
674
668
666
663
672
674
674
670
669
655
660
660
662
654
653
666
664
670
669
675
671
667
670
667
667
666
666
655
660
658
659
653
646
644
643
646
652
649
655
646
645
646
648
660
653
665
665
659
661
659
659
663
661
657
652
657
659
659
660
655
661
656
654
654
649
657
655
649
644
644
645
649
649
655
647
648
643
640
634
635
644
652
657
661
662
667
668
664
663
660
665
659
663
661
658
656
654
660
658
659
664
666
664
666
670
665
666
659
659
661
653
658
649
651
650
662
655
656
654
651
661
661
652
655
651
651
649
654
651
651
647
654
657
660
669
668
668
672
672
673
675
673
670
671
668
668
670
661
660
663
663
667
662
661
662
669
662
661
659
657
661
662
644
658
660
657
649
650
649
650
652
647
646
646
650
652
650
649
654
655
662
664
657
654
658
656
651
653
652
646
644
647
651
654
652
651
646
645
653
654
656
660
672
671
677
672
670
673
665
666
662
666
667
669
666
668
662
533
587
614
612
594
610
632
613
644
533
626
626
602
639
673
533
614
633
